#separator \x09
#set_separator
#empty_field
#unset_field
#path
#open
#fields
#types
1490119200.522303
1490119201.694250
1490119202.866219
1490119204.026267
1490119205.198209
1490119206.382256
1490119207.530191
1490119208.706266
1490119209.890243
1490119211.050222
1490119212.238250
1490119213.410192
1490119214.570211
1490119215.750225
1490119216.926305
1490119218.106258
1490119219.254292
1490119220.430265
1490119221.230336
1490119221.602219
1490119221.746222
1490119222.778284
1490119223.958266
1490119225.138348
1490119226.310306
1490119227.490271
1490119228.670347
1490119229.838351
1490119231.014281
1490119232.194215
1490119233.362249
1490119234.538351
1490119235.714288
1490119236.886264
1490119238.054349
1490119239.218250
1490119240.382188
1490119241.554228
1490119242.726279
1490119243.898276
1490119245.066235
1490119246.246263
1490119247.422293
1490119248.594271
1490119249.766278
1490119250.938335
1490119252.114255
1490119253.286275
1490119254.458307
1490119255.630203
1490119256.806230
1490119257.118191
1490119257.118191
1490119257.118191
1490119257.118191
1490119257.118191
1490119257.182208
1490119257.978294
1490119259.150241
1490119260.322249
1490119260.374352
1490119261.326266
1490119261.330348
1490119261.330348
1490119261.330348
1490119261.326266
1490119261.330348
1490119261.330348
1490119261.330348
1490119261.330348
1490119261.330348
1490119261.330348
1490119261.498265
1490119261.602282
1490119261.602282
1490119261.602282
1490119261.602282
1490119261.602282
1490119261.834208
1490119261.834208
1490119261.834208
1490119261.834208
1490119261.834208
1490119261.834208
1490119261.834208
1490119261.834208
1490119261.974275
1490119261.974275
1490119261.974275
1490119261.974275
1490119261.974275
1490119262.090239
1490119262.090239
1490119262.094201
1490119262.094201
1490119262.094201
1490119262.094201
1490119262.094201
1490119262.094201
1490119262.094201
1490119262.094201
1490119261.974275
1490119262.094201
1490119262.094201
1490119262.090239
1490119262.094201
1490119262.094201
1490119262.094201
1490119262.094201
1490119262.094201
1490119262.094201
1490119262.090239
1490119262.094201
1490119262.094201
1490119262.098246
1490119262.094201
1490119262.094201
1490119262.126279
1490119262.166302
1490119262.162263
1490119262.141812
1490119262.170261
1490119262.166302
1490119262.190245
1490119262.094201
1490119262.090239
1490119262.094201
1490119262.094201
1490119262.094201
1490119262.090239
1490119262.166302
1490119262.094201
1490119262.094201
1490119262.094201
1490119262.094201
1490119262.166302
1490119262.166302
1490119262.094201
1490119262.090239
1490119262.198279
1490119262.154302
1490119262.190245
1490119262.190245
1490119262.190245
1490119262.194251
1490119262.194251
1490119262.094201
1490119262.094201
1490119262.214281
1490119262.218274
1490119262.266262
1490119262.266262
1490119262.162263
1490119262.266262
1490119262.230251
1490119262.166302
1490119262.254248
1490119262.166302
1490119262.270289
1490119262.266262
1490119262.266262
1490119262.282288
1490119262.266262
1490119262.266262
1490119262.266262
1490119262.270289
1490119262.270289
1490119262.270289
1490119262.190245
1490119262.166302
1490119262.314213
1490119262.190245
1490119262.298240
1490119262.318297
1490119262.318297
1490119262.334262
1490119262.350302
1490119262.318297
1490119262.318297
1490119262.318297
1490119262.322302
1490119262.322302
1490119262.322302
1490119262.322302
1490119262.318297
1490119262.266262
1490119262.266262
1490119262.358259
1490119262.382261
1490119262.378211
1490119262.382261
1490119262.382261
1490119262.382261
1490119262.382261
1490119262.378211
1490119262.414226
1490119262.394260
1490119262.438288
1490119262.318297
1490119262.414226
1490119262.414226
1490119262.422278
1490119262.414226
1490119262.466233
1490119262.390247
1490119262.482207
1490119262.482207
1490119262.482207
1490119262.478349
1490119262.478349
1490119262.478349
1490119262.422321
1490119262.394260
1490119262.494241
1490119262.522278
1490119262.524356
1490119262.524280
1490119262.524417
1490119262.522278
1490119262.522278
1490119262.558256
1490119262.558256
1490119262.558256
1490119262.558256
1490119262.546212
1490119262.522278
1490119262.558256
1490119262.522278
1490119262.542333
1490119262.558256
1490119262.566265
1490119262.546212
1490119262.566265
1490119262.558256
1490119262.598280
1490119262.578311
1490119262.614295
1490119262.574253
1490119262.610258
1490119262.522278
1490119262.642226
1490119262.614295
1490119262.546212
1490119262.642226
1490119262.574253
1490119262.626173
1490119262.642226
1490119262.658280
1490119262.678234
1490119262.674258
1490119262.678234
1490119262.674258
1490119262.674258
1490119262.674258
1490119262.642226
1490119262.642226
1490119262.742239
1490119262.662249
1490119262.710282
1490119262.846259
1490119262.974197
1490119263.082523
1490119263.082523
1490119263.082523
1490119263.102265
1490119263.050221
1490119263.082523
1490119263.370294
1490119263.430274
1490119263.418262
1490119263.438226
1490119263.662289
1490119263.646280
1490119263.646280
1490119263.662289
1490119263.698296
1490119263.694243
1490119263.714374
1490119263.714374
1490119263.718227
1490119263.702234
1490119263.694243
1490119263.714374
1490119263.714374
1490119263.714374
1490119263.714374
1490119263.714374
1490119263.746267
1490119263.734285
1490119263.734285
1490119263.650340
1490119263.646280
1490119263.646280
1490119263.734285
1490119263.734285
1490119263.734285
1490119263.734285
1490119263.766293
1490119263.662289
1490119263.802223
1490119263.802223
1490119263.802223
1490119263.802223
1490119263.808648
1490119263.786267
1490119263.786267
1490119263.734285
1490119263.802223
1490119263.694243
1490119263.850217
1490119263.846243
1490119263.846243
1490119263.850217
1490119263.846243
1490119263.846243
1490119263.850217
1490119263.850217
1490119263.850217
1490119263.846243
1490119263.850217
1490119263.786267
1490119263.846243
1490119263.894284
1490119263.894284
1490119263.894284
1490119263.802223
1490119263.786267
1490119263.894284
1490119263.894284
1490119263.894284
1490119263.894284
1490119263.694243
1490119263.914054
1490119263.966276
1490119263.954278
1490119263.970269
1490119263.970269
1490119263.966276
1490119263.882273
1490119264.058255
1490119264.058255
1490119264.058255
1490119264.002238
1490119264.110053
1490119264.058255
1490119264.126243
1490119264.126243
1490119263.970269
1490119263.970269
1490119264.202246
1490119264.202246
1490119264.205948
1490119264.202246
1490119264.126243
1490119264.126243
1490119264.226241
1490119264.262277
1490119264.282219
1490119264.282219
1490119264.202246
1490119264.322238
1490119264.502631
1490119264.502631
1490119264.574252
1490119264.574252
1490119264.574252
1490119264.614348
1490119264.654628
1490119264.798248
1490119265.018238
1490119265.282223
1490119266.202238
1490119266.202238
1490119266.202238
1490119266.202238
1490119266.202238
1490119266.190275
1490119266.486266
1490119266.782217
1490119266.782217
1490119266.782217
1490119266.782217
1490119267.366246
1490119267.462248
1490119267.458271
1490119267.458271
1490119267.458271
1490119267.982589
1490119267.954275
1490119267.982589
1490119267.982589
1490119267.982589
1490119268.022635
1490119268.022635
1490119267.982589
1490119268.062608
1490119268.062608
1490119268.062608
1490119268.062608
1490119268.074288
1490119267.982589
1490119268.086287
1490119268.022635
1490119268.022635
1490119268.114278
1490119268.062608
1490119268.062608
1490119268.138267
1490119268.534569
1490119269.710370
1490119270.890234
1490119272.066266
1490119262.674258
1490119273.238269
1490119264.422302
1490119274.410292
1490119275.586260
1490119276.766262
1490119277.946210
1490119279.042223
1490119279.118279
1490119279.178247
1490119279.778288
1490119279.838238
1490119279.838238
1490119280.294241
1490119281.470234
1490119282.642254
1490119283.818254
1490119284.998207
1490119286.170207
1490119287.354232
1490119288.526263
1490119289.706281
1490119290.878223
1490119292.058272
1490119293.242239
1490119294.402289
1490119295.582187
1490119296.754213
1490119297.930229
1490119299.118339
1490119300.278245
1490119301.450257
1490119302.626264
1490119303.790210
1490119304.950230
1490119306.118210
1490119307.290292
1490119308.450247
1490119309.618236
1490119310.782255
1490119311.958174
1490119313.138337
1490119314.302229
1490119315.466246
1490119316.646293
1490119317.822300
1490119318.990274
1490119320.166219
1490119321.322355
1490119322.494277
1490119323.674217
1490119324.842222
1490119326.010233
1490119327.194226
1490119328.374345
1490119329.542210
1490119330.718339
1490119331.890198
1490119333.058197
1490119334.226226
1490119335.394245
1490119336.562238
1490119337.742206
1490119338.898301
1490119340.070184
1490119341.238271
1490119342.410258
1490119343.582229
1490119344.742334
1490119345.906179
1490119347.070346
1490119348.242231
1490119348.918277
1490119348.946262
1490119349.418236
1490119350.586211
1490119351.758338
1490119352.938218
1490119354.110235
1490119355.294243
1490119356.466242
1490119357.638220
1490119358.818349
1490119359.994213
1490119361.166193
1490119362.338289
1490119363.514206
1490119364.690252
1490119365.866293
1490119367.050291
1490119368.234278
1490119369.410219
1490119370.582241
1490119371.754276
1490119372.930286
1490119374.106180
1490119375.282257
1490119376.465993
1490119377.642208
1490119378.802304
1490119379.966339
1490119381.130287
1490119382.302243
1490119383.486268
1490119384.666205
1490119385.830272
1490119386.982341
1490119388.150299
1490119389.326335
1490119390.506211
1490119391.678225
1490119392.850253
1490119394.014187
1490119395.190233
1490119396.366221
1490119396.498367
1490119396.638276
1490119396.702193
1490119396.702193
1490119396.742289
1490119396.702193
1490119396.702193
1490119396.702193
1490119397.550255
1490119398.718324
1490119399.894336
1490119400.250272
1490119400.250272
1490119400.250272
1490119400.250272
1490119400.250272
1490119400.250272
1490119401.054347
1490119402.226230
1490119403.410214
1490119404.594272
1490119405.738212
1490119406.902224
1490119408.050343
1490119409.226202
1490119410.402252
1490119411.418220
1490119411.578369
1490119412.762227
1490119413.934351
1490119414.166341
1490119415.106347
1490119416.282299
1490119417.462185
1490119418.630278
1490119419.786301
1490119420.958226
1490119422.134194
1490119423.298241
1490119424.470264
1490119425.638347
1490119426.822283
1490119427.998286
1490119429.178340
1490119430.338263
1490119431.514280
1490119432.682164
1490119433.854367
1490119435.030226
1490119436.210175
1490119437.386339
1490119438.558289
1490119439.710226
1490119440.866254
1490119442.050249
1490119443.230342
1490119444.390359
1490119445.546267
1490119446.722185
1490119447.898256
1490119449.070305
1490119450.238255
1490119451.434253
1490119452.614261
1490119453.798258
1490119454.974225
1490119456.150258
1490119457.326364
1490119458.498199
1490119459.662345
1490119459.798276
1490119460.842336
1490119462.006345
1490119463.178198
1490119464.334222
1490119465.482183
1490119466.634251
1490119467.782224
1490119468.934233
1490119470.094243
1490119471.254178
1490119472.430231
1490119473.610258
1490119474.786230
1490119475.942223
1490119477.114351
1490119478.286230
1490119479.458272
1490119480.630219
1490119481.798219
1490119482.970339
1490119484.150265
1490119485.314287
1490119486.498238
1490119487.670266
1490119488.854177
1490119490.018340
1490119491.170265
1490119491.998240
1490119491.998240
1490119491.994293
1490119491.994293
1490119491.998240
1490119491.998240
1490119491.998240
1490119491.994293
1490119491.998240
1490119491.998240
1490119491.994293
1490119491.994293
1490119491.998240
1490119492.354290
1490119493.526334
1490119494.702207
1490119495.858338
1490119497.026305
1490119498.186291
1490119499.358338
1490119500.538263
1490119501.694259
1490119502.318210
1490119502.318210
1490119502.318210
1490119502.318210
1490119502.318210
1490119502.318210
1490119502.318210
1490119502.318210
1490119502.318210
1490119502.394208
1490119502.318210
1490119502.318210
1490119502.318210
1490119502.458338
1490119502.830234
1490119502.854245
1490119502.854245
1490119502.854245
1490119502.862281
1490119502.926215
1490119502.854245
1490119502.974274
1490119502.974274
1490119502.974274
1490119502.926215
1490119504.022186
1490119505.194181
1490119506.366294
1490119507.538350
1490119508.706217
1490119509.882215
1490119511.050211
1490119512.226250
1490119513.410218
1490119514.582261
1490119515.758245
1490119516.934289
1490119518.110332
1490119519.282356
1490119520.462214
1490119521.634340
1490119522.806210
1490119523.978269
1490119525.150221
1490119526.322208
1490119527.494252
1490119528.678273
1490119529.850343
1490119531.034243
1490119532.202248
1490119533.374295
1490119534.546225
1490119535.714188
1490119536.882243
1490119538.054217
1490119539.226243
1490119540.390276
1490119541.562206
1490119542.738264
1490119543.902337
1490119545.082219
1490119546.258351
1490119547.442332
1490119548.614325
1490119549.790194
1490119550.970246
1490119552.142223
1490119553.322351
1490119554.494240
1490119555.678353
1490119556.838287
1490119558.014239
1490119559.182242
1490119560.370206
1490119560.354291
1490119561.334299
1490119561.334299
1490119561.334299
1490119561.334299
1490119561.334299
1490119561.518212
1490119561.594266
1490119561.594266
1490119561.594266
1490119561.594266
1490119561.594266
1490119561.670281
1490119561.662267
1490119561.662267
1490119561.670281
1490119561.662267
1490119561.662267
1490119561.670281
1490119561.670281
1490119561.662267
1490119561.662267
1490119561.726212
1490119561.726212
1490119561.726212
1490119561.734304
1490119561.726212
1490119561.726212
1490119561.750333
1490119561.726212
1490119561.754305
1490119561.738237
1490119561.770258
1490119561.770258
1490119561.770258
1490119561.910186
1490119562.066206
1490119562.066206
1490119561.954285
1490119561.942215
1490119561.942215
1490119561.954285
1490119561.942215
1490119561.942215
1490119562.234260
1490119562.234260
1490119562.234260
1490119561.954285
1490119562.302248
1490119562.302248
1490119562.322289
1490119562.302248
1490119562.302248
1490119562.302248
1490119562.302248
1490119562.302248
1490119562.398267
1490119562.310215
1490119562.302248
1490119562.302248
1490119562.302248
1490119562.442643
1490119562.442643
1490119562.442643
1490119562.378266
1490119562.442643
1490119562.442643
1490119562.442643
1490119562.442643
1490119562.490225
1490119562.234260
1490119562.234260
1490119562.494195
1490119562.442643
1490119562.442643
1490119562.442643
1490119562.442643
1490119562.542234
1490119562.442643
1490119562.442643
1490119562.378266
1490119562.538603
1490119562.442643
1490119562.330292
1490119562.234260
1490119562.538603
1490119562.442643
1490119562.538603
1490119562.538603
1490119562.494195
1490119562.450294
1490119562.442643
1490119562.442643
1490119562.442643
1490119562.318468
1490119562.626245
1490119562.594600
1490119562.542234
1490119562.382205
1490119562.490195
1490119562.538603
1490119562.638225
1490119562.666599
1490119562.662290
1490119562.594600
1490119562.378266
1490119562.682358
1490119562.714511
1490119562.714511
1490119562.714511
1490119562.714511
1490119562.694207
1490119562.706302
1490119562.566298
1490119562.566298
1490119562.710589
1490119562.714511
1490119562.714511
1490119562.730547
1490119562.442643
1490119562.762262
1490119562.762262
1490119562.766295
1490119562.594600
1490119562.786254
1490119562.802267
1490119562.706302
1490119562.878222
1490119562.878222
1490119562.878222
1490119562.878222
1490119562.878222
1490119562.638225
1490119562.926282
1490119562.694207
1490119562.694207
1490119562.982649
1490119562.982649
1490119562.982649
1490119562.998604
1490119562.870302
1490119563.058486
1490119562.730547
1490119563.078631
1490119562.926282
1490119563.090598
1490119562.786254
1490119563.142624
1490119563.106628
1490119563.170621
1490119563.166618
1490119563.186603
1490119563.182633
1490119563.278529
1490119563.082501
1490119563.242635
1490119563.242635
1490119563.350475
1490119563.106628
1490119563.466637
1490119563.450252
1490119563.482631
1490119563.486618
1490119563.526543
1490119563.486618
1490119563.350475
1490119563.442255
1490119563.530553
1490119563.538537
1490119563.538537
1490119563.486618
1490119563.514251
1490119563.578222
1490119563.582246
1490119563.582246
1490119563.606274
1490119563.534538
1490119563.538537
1490119563.538537
1490119563.538537
1490119563.606274
1490119563.614210
1490119563.610213
1490119563.602279
1490119563.682207
1490119563.674250
1490119563.690211
1490119563.622198
1490119563.610213
1490119563.610213
1490119563.610213
1490119563.606274
1490119563.582246
1490119563.658334
1490119563.658178
1490119563.690211
1490119563.686254
1490119563.702243
1490119563.854274
1490119563.722279
1490119563.994235
1490119564.106230
1490119564.106230
1490119564.106230
1490119564.106230
1490119564.106230
1490119563.822276
1490119564.182232
1490119564.182232
1490119564.106230
1490119564.182232
1490119564.182232
1490119564.182232
1490119564.242345
1490119564.254270
1490119564.326215
1490119564.266263
1490119564.198211
1490119564.402275
1490119564.562260
1490119564.562260
1490119564.562260
1490119564.562260
1490119564.562260
1490119564.578273
1490119564.266263
1490119564.578273
1490119564.582252
1490119564.578273
1490119564.578273
1490119564.642292
1490119564.754265
1490119564.970306
1490119564.970306
1490119565.034204
1490119565.026301
1490119566.198251
1490119566.862263
1490119566.870280
1490119566.870280
1490119566.870280
1490119566.870280
1490119566.870280
1490119566.870280
1490119566.870280
1490119566.862263
1490119566.862263
1490119566.870280
1490119566.870280
1490119566.934602
1490119566.942596
1490119566.954487
1490119566.934602
1490119566.954487
1490119566.870280
1490119566.954487
1490119566.954487
1490119566.954505
1490119566.954487
1490119566.954487
1490119566.954487
1490119566.954487
1490119566.990205
1490119566.998641
1490119566.982341
1490119566.870280
1490119567.026588
1490119567.026588
1490119566.982341
1490119567.042648
1490119567.002479
1490119567.042648
1490119567.026588
1490119566.982341
1490119567.042648
1490119566.954487
1490119566.954487
1490119567.090509
1490119567.086497
1490119567.102601
1490119567.102601
1490119567.098614
1490119567.106481
1490119567.110547
1490119567.114585
1490119567.042648
1490119567.162656
1490119567.162656
1490119567.174622
1490119567.182552
1490119566.982341
1490119567.162656
1490119567.162656
1490119567.162656
1490119567.194612
1490119567.194612
1490119567.194612
1490119567.194612
1490119567.194612
1490119567.194612
1490119567.194612
1490119567.194612
1490119567.234540
1490119567.234540
1490119567.234540
1490119567.226586
1490119567.234540
1490119567.234540
1490119567.234540
1490119567.234540
1490119567.234540
1490119567.238523
1490119567.238523
1490119567.234540
1490119567.234540
1490119567.266626
1490119567.258369
1490119567.310198
1490119567.314287
1490119567.310198
1490119567.310198
1490119567.338606
1490119567.330337
1490119567.406530
1490119567.562340
1490119568.494265
1490119568.418340
1490119568.506272
1490119569.678284
1490119569.754277
1490119570.858217
1490119561.942215
1490119561.942215
1490119561.942215
1490119561.942215
1490119561.954285
1490119572.030215
1490119562.318468
1490119562.318468
1490119562.318468
1490119562.594600
1490119562.706302
1490119562.970606
1490119563.074461
1490119563.162506
1490119573.202338
1490119563.614210
1490119574.374268
1490119575.550354
1490119576.734184
1490119577.898197
1490119579.070207
1490119580.246267
1490119581.414249
1490119582.590268
1490119583.758272
1490119584.934290
1490119586.106348
1490119587.286235
1490119588.462277
1490119589.642257
1490119590.814258
1490119591.982273
1490119593.134289
1490119594.298275
1490119595.482342
1490119596.670205
1490119597.846290
1490119599.022229
1490119600.194340
1490119601.366226
1490119602.538236
1490119603.706188
1490119604.866286
1490119606.042289
1490119607.206281
1490119608.382304
1490119609.554238
1490119610.738183
1490119611.914287
1490119613.070196
1490119614.242339
1490119615.414228
1490119616.586322
1490119617.758152
1490119618.930231
1490119620.106356
1490119621.278298
1490119622.450341
1490119623.626341
1490119624.798183
1490119625.970242
1490119627.122229
1490119628.294337
1490119629.466236
1490119630.654291
1490119631.830272
1490119633.002220
1490119634.174266
1490119635.346200
1490119636.522349
1490119637.698278
1490119638.878220
1490119640.062328
1490119641.250278
1490119642.422272
1490119643.594286
1490119644.766267
1490119645.942306
1490119647.114243
1490119648.286199
1490119649.462291
1490119650.638214
1490119651.810278
1490119652.990205
1490119654.166266
1490119655.342335
1490119656.518225
1490119657.694197
1490119658.862255
1490119660.038210
1490119661.206347
1490119662.382272
1490119663.554214
1490119664.742230
1490119665.922187
1490119667.098229
1490119668.270197
1490119669.446231
1490119670.618220
1490119671.790231
1490119672.950350
1490119674.122225
1490119675.294304
1490119676.466186
1490119677.642182
1490119678.814270
1490119679.986275
1490119681.158191
1490119682.342200
1490119683.514290
1490119684.686262
1490119685.862274
1490119687.050175
1490119688.226221
1490119689.402303
1490119690.578254
1490119691.750280
1490119692.922299
1490119694.102250
1490119695.278347
1490119696.214358
1490119696.246345
1490119696.450348
1490119697.386257
1490119697.386257
1490119697.386257
1490119697.386257
1490119697.386257
1490119697.622352
1490119698.794347
1490119699.950212
1490119701.130224
1490119702.302287
1490119703.482244
1490119704.658259
1490119705.830300
1490119706.990261
1490119708.178335
1490119709.354260
1490119710.530297
1490119711.710256
1490119712.382242
1490119712.410225
1490119712.882244
1490119714.058200
1490119715.234243
1490119716.406227
1490119717.582221
1490119718.754219
1490119719.926224
1490119721.098260
1490119722.230338
1490119723.410342
1490119724.582340
1490119725.754346
1490119726.926238
1490119728.098232
1490119729.282274
1490119730.458234
1490119731.630209
1490119732.806262
1490119733.974252
1490119735.146278
1490119736.322283
1490119737.498331
1490119738.674340
1490119739.838301
1490119741.014255
1490119742.186327
1490119743.358288
1490119744.522345
1490119745.698192
1490119746.886199
1490119748.058268
1490119749.234301
1490119750.410189
1490119751.582337
1490119752.754292
1490119753.930248
1490119755.110306
1490119756.234247
1490119757.410335
1490119758.582293
1490119759.758237
1490119760.934293
1490119762.110247
1490119763.282336
1490119764.466248
1490119765.638333
1490119766.810190
1490119767.982298
1490119769.162153
1490119770.342340
1490119771.514270
1490119772.690329
1490119773.874243
1490119775.050291
1490119776.238192
1490119777.410283
1490119778.582279
1490119779.754351
1490119780.930347
1490119782.070199
1490119783.250231
1490119784.426185
1490119785.598267
1490119786.774346
1490119787.962213
1490119789.126209
1490119790.314275
1490119791.490346
1490119792.066241
1490119792.106220
1490119792.110284
1490119792.106249
1490119792.110284
1490119792.110284
1490119792.106220
1490119792.106220
1490119792.110284
1490119792.110284
1490119792.154251
1490119792.110284
1490119792.154251
1490119792.154251
1490119792.154251
1490119792.154251
1490119792.154251
1490119792.154251
1490119792.154251
1490119792.154251
1490119792.110284
1490119792.110284
1490119792.154251
1490119792.154251
1490119792.154251
1490119792.154251
1490119792.666257
1490119793.838262
1490119795.014208
1490119796.194200
1490119797.370294
1490119798.542346
1490119799.714299
1490119800.886288
1490119802.062208
1490119803.238350
1490119804.410253
1490119805.582253
1490119806.762264
1490119807.926284
1490119809.102232
1490119810.270277
1490119811.442263
1490119812.614242
1490119813.794341
1490119814.970351
1490119816.142296
1490119817.314296
1490119818.486242
1490119819.658287
1490119820.842260
1490119822.014247
1490119823.194246
1490119824.366288
1490119825.530216
1490119826.702249
1490119827.878293
1490119829.050182
1490119830.222208
1490119831.398274
1490119832.570285
1490119833.738337
1490119834.910263
1490119836.082336
1490119837.266354
1490119838.438264
1490119839.610187
1490119840.782345
1490119841.950325
1490119843.126348
1490119844.298264
1490119845.474227
1490119846.646350
1490119847.822240
1490119848.986334
1490119850.162200
1490119851.322243
1490119852.502352
1490119853.666342
1490119854.842206
1490119856.010249
1490119857.182215
1490119858.354348
1490119859.526234
1490119860.382206
1490119860.706328
1490119861.398272
1490119861.398272
1490119861.398272
1490119861.398272
1490119861.470257
1490119861.470257
1490119861.470257
1490119861.470257
1490119861.650258
1490119861.650258
1490119861.658268
1490119861.658268
1490119861.658268
1490119861.658268
1490119861.658268
1490119861.666205
1490119861.666205
1490119861.662298
1490119861.646226
1490119861.650258
1490119861.666205
1490119861.646226
1490119861.658268
1490119861.658268
1490119861.658268
1490119861.666205
1490119861.726260
1490119861.646333
1490119861.698195
1490119861.722191
1490119861.658268
1490119861.698195
1490119861.758205
1490119861.702288
1490119861.790270
1490119861.710214
1490119861.698195
1490119861.830291
1490119861.790270
1490119861.790270
1490119861.790270
1490119861.794256
1490119861.790270
1490119861.830291
1490119861.842239
1490119861.842239
1490119861.842239
1490119861.842239
1490119861.842239
1490119861.858286
1490119861.830291
1490119861.830372
1490119861.830291
1490119861.842239
1490119861.842239
1490119861.834305
1490119861.834305
1490119861.842239
1490119861.842239
1490119861.790270
1490119861.830291
1490119861.794256
1490119861.794256
1490119861.790270
1490119861.894247
1490119861.910304
1490119861.882225
1490119861.926290
1490119861.898189
1490119861.830291
1490119861.830291
1490119861.830291
1490119861.838246
1490119861.834305
1490119861.834305
1490119861.842239
1490119861.834305
1490119861.946246
1490119861.830291
1490119861.946246
1490119861.830291
1490119861.834305
1490119861.926290
1490119861.970337
1490119861.926290
1490119861.978291
1490119861.978291
1490119861.978291
1490119861.946246
1490119862.022264
1490119861.926290
1490119861.926290
1490119862.050251
1490119862.050251
1490119862.050251
1490119862.050251
1490119862.050251
1490119862.074304
1490119861.926290
1490119862.074304
1490119861.966222
1490119862.074304
1490119861.974232
1490119862.046212
1490119862.046212
1490119862.046212
1490119862.046212
1490119862.094391
1490119862.102382
1490119862.110271
1490119862.110271
1490119862.110271
1490119862.046212
1490119862.090239
1490119862.090239
1490119862.090239
1490119862.090239
1490119862.090239
1490119862.090239
1490119862.090239
1490119862.122295
1490119862.106249
1490119862.106249
1490119862.106249
1490119862.110271
1490119862.110271
1490119862.110271
1490119862.110271
1490119862.146210
1490119862.126220
1490119862.126220
1490119862.126220
1490119862.126220
1490119862.126220
1490119862.126220
1490119862.126220
1490119862.110271
1490119862.146210
1490119862.110271
1490119862.110271
1490119862.146210
1490119862.162291
1490119862.194233
1490119862.126220
1490119862.126220
1490119862.126220
1490119862.194233
1490119862.126220
1490119862.126220
1490119862.146210
1490119862.218202
1490119862.126220
1490119862.154234
1490119862.126220
1490119862.166256
1490119862.262267
1490119862.182226
1490119862.274225
1490119862.262267
1490119862.286252
1490119862.306293
1490119862.306293
1490119862.306293
1490119862.306293
1490119862.294254
1490119862.330266
1490119862.222311
1490119862.322202
1490119862.326244
1490119862.358203
1490119862.362259
1490119862.370199
1490119862.366251
1490119862.406199
1490119862.406199
1490119862.406199
1490119862.342267
1490119862.362259
1490119862.438265
1490119862.370199
1490119862.370199
1490119862.438265
1490119862.470245
1490119862.398220
1490119862.510183
1490119862.426287
1490119862.502213
1490119862.510183
1490119862.510183
1490119862.510183
1490119862.510183
1490119862.550279
1490119862.634234
1490119862.682240
1490119862.682240
1490119862.882305
1490119862.878217
1490119862.910230
1490119862.926233
1490119862.926233
1490119863.054187
1490119862.994275
1490119863.138227
1490119863.186231
1490119863.186231
1490119863.186231
1490119863.186231
1490119863.186231
1490119863.186231
1490119863.186231
1490119863.330186
1490119863.374199
1490119863.642198
1490119863.594304
1490119863.682305
1490119863.686214
1490119863.734299
1490119863.730205
1490119863.730205
1490119863.778270
1490119863.778270
1490119863.734299
1490119863.734299
1490119863.834267
1490119863.778270
1490119863.778270
1490119863.834267
1490119863.830249
1490119864.018183
1490119864.018183
1490119864.018183
1490119864.202207
1490119864.254305
1490119864.226261
1490119864.510295
1490119864.762205
1490119864.762205
1490119864.762205
1490119864.758237
1490119864.762205
1490119864.758237
1490119864.758237
1490119864.758237
1490119864.758237
1490119864.762205
1490119864.758237
1490119864.762205
1490119864.806210
1490119864.758237
1490119864.794293
1490119864.802215
1490119864.802215
1490119864.802215
1490119864.806210
1490119864.822293
1490119864.850252
1490119864.762205
1490119864.762205
1490119864.862204
1490119864.762205
1490119864.870276
1490119864.870276
1490119864.898273
1490119864.874189
1490119864.834273
1490119864.870276
1490119864.894215
1490119864.914301
1490119865.174203
1490119865.386229
1490119865.442202
1490119865.442202
1490119865.442202
1490119866.558272
1490119866.886225
1490119866.982199
1490119866.982199
1490119866.982199
1490119867.050212
1490119867.050212
1490119867.050212
1490119867.186341
1490119867.250277
1490119867.386173
1490119867.454236
1490119867.454236
1490119867.454236
1490119867.454236
1490119867.730253
1490119867.786231
1490119867.786231
1490119867.786231
1490119867.786231
1490119867.850246
1490119868.170302
1490119868.078233
1490119868.198255
1490119868.210287
1490119868.202289
1490119868.230223
1490119868.230223
1490119868.230223
1490119868.202289
1490119868.246202
1490119868.274229
1490119868.274229
1490119868.274229
1490119868.202289
1490119868.278205
1490119868.202289
1490119868.198255
1490119868.902285
1490119870.078300
1490119871.250250
1490119862.110271
1490119872.422352
1490119873.598273
1490119874.770272
1490119875.946340
1490119877.098251
1490119878.242341
1490119879.406350
1490119880.590253
1490119881.762349
1490119882.926271
1490119884.106241
1490119885.258297
1490119886.434250
1490119887.610340
1490119888.790275
1490119889.958253
1490119891.130347
1490119891.682245
1490119891.714349
1490119892.310239
1490119893.482232
1490119894.654215
1490119895.814256
1490119896.986264
1490119898.162172
1490119899.322243
1490119900.498282
1490119901.674289
1490119902.850349
1490119904.022337
1490119905.186275
1490119906.362251
1490119907.538224
1490119907.726343
1490119907.958301
1490119908.710288
1490119908.714353
1490119908.742228
1490119909.874298
1490119911.050240
1490119912.226266
1490119913.398272
1490119914.558259
1490119915.710217
1490119916.882236
1490119917.010252
1490119917.038230
1490119918.062338
1490119918.178266
1490119918.346278
1490119918.478345
1490119918.618249
1490119919.234200
1490119920.410238
1490119921.586209
1490119922.758226
1490119923.894253
1490119925.058215
1490119926.234244
1490119927.410281
1490119928.582265
1490119929.770225
1490119930.246224
1490119930.274285
1490119930.946277
1490119932.130260
1490119932.646250
1490119932.674335
1490119933.302218
1490119934.470274
1490119935.642244
1490119936.814227
1490119937.986326
1490119939.170252
1490119940.342243
1490119941.518262
1490119942.690266
1490119943.874286
1490119944.014341
1490119944.082284
1490119944.218203
1490119944.598298
1490119944.662201
1490119944.726281
1490119945.050234
1490119946.222201
1490119947.390336
1490119948.562343
1490119949.738336
1490119950.918198
1490119952.102298
1490119953.278229
1490119954.450230
1490119955.626344
1490119956.802343
1490119957.982348
1490119959.154219
1490119960.330256
1490119961.502236
1490119962.674230
1490119963.850236
1490119965.026280
1490119966.202197
1490119967.374290
1490119968.550268
1490119969.726283
1490119970.898279
1490119972.078336
1490119973.250360
1490119974.426256
1490119975.602258
1490119976.794267
1490119977.966269
1490119979.138221
1490119980.314288
1490119981.486355
1490119982.662342
1490119983.842223
1490119985.018191
1490119986.190329
1490119987.378267
1490119988.554295
1490119989.734170
1490119990.930350
1490119992.102205
1490119993.282264
1490119993.362218
1490119993.394229
1490119994.466175
1490119995.646272
1490119996.822252
1490119998.002298
1490119999.174249
1490120000.350369
1490120001.526290
1490120002.698225
1490120003.878236
1490120005.050290
1490120006.222303
1490120007.398254
1490120008.570263
1490120009.746185
1490120010.922227
1490120012.102252
1490120013.282214
1490120014.458336
1490120015.634214
1490120016.802251
1490120017.978184
1490120019.154231
1490120020.330286
1490120021.506248
1490120021.866288
1490120022.678215
1490120023.850301
1490120025.030265
1490120026.210275
1490120027.382211
1490120028.554297
1490120029.730290
1490120030.902301
1490120032.082228
1490120033.254210
1490120034.426343
1490120035.606237
1490120036.782306
1490120037.958276
1490120039.134269
1490120040.310176
1490120041.482262
1490120042.654218
1490120043.834275
1490120045.006242
1490120046.182184
1490120047.366229
1490120048.534271
1490120049.710232
1490120050.894244
1490120052.066229
1490120053.242215
1490120054.418294
1490120055.602353
1490120056.774227
1490120057.954251
1490120059.130208
1490120060.298222
1490120061.474209
1490120062.646218
1490120063.822265
1490120064.962308
1490120066.134282
1490120067.310184
1490120068.486273
1490120069.658343
1490120070.834347
1490120072.002291
1490120073.178226
1490120074.350213
1490120075.530352
1490120076.694386
1490120077.842229
1490120079.010345
1490120080.182347
1490120081.362233
1490087973.590228
1490120083.702285
1490120084.854220
1490120086.038270
1490120087.218210
1490120088.406296
1490120089.582285
1490120090.762336
1490120091.938237
1490120093.110346
1490120094.286304
1490120095.466308
1490120096.646269
1490120097.822238
1490120098.998350
1490120100.174275
1490120101.346189
1490120102.518345
1490120103.694281
1490120104.866190
1490120106.046340
1490120107.242200
1490120108.422229
1490120109.618336
1490120110.814232
1490120111.994251
1490120113.170183
1490120114.346174
1490120115.514220
1490120116.694340
1490120117.878280
1490120119.062376
1490120120.246339
1490120121.430258
1490120122.610245
1490120123.790276
1490120124.970246
1490120126.142207
1490120127.314260
1490120128.486242
1490120129.662198
1490120130.842351
1490120132.018303
1490120133.190222
1490120134.354279
1490120135.526237
1490120136.078236
1490120136.698266
1490120137.886226
1490120138.382247
1490120138.410278
1490120139.058348
1490120140.238348
1490120141.394224
1490120142.558329
1490120143.738339
1490120144.906211
1490120146.074344
1490120147.254196
1490120148.406341
1490120149.586351
1490120150.750267
1490120151.822300
1490120151.854236
1490120151.946271
1490120153.114232
1490120154.270247
1490120155.442238
1490120156.618181
1490120157.782351
1490120158.830271
1490120158.858285
1490120158.950276
1490120159.074253
1490120159.078241
1490120159.078241
1490120159.078241
1490120159.078241
1490120159.118214
1490120159.118214
1490120159.118214
1490120159.118214
1490120159.118214
1490120159.118214
1490120160.138228
1490120160.438250
1490120161.302243
1490120161.330284
1490120161.302243
1490120161.330284
1490120161.330284
1490120161.330284
1490120161.330284
1490120161.330284
1490120161.330284
1490120161.330284
1490120161.330284
1490120161.330284
1490120161.330284
1490120161.330284
1490120161.562274
1490120161.562274
1490120161.562274
1490120161.562274
1490120161.606243
1490120161.606243
1490120161.606243
1490120161.602211
1490120161.606243
1490120161.606243
1490120161.606243
1490120161.602211
1490120161.606243
1490120161.606243
1490120161.602288
1490120161.606243
1490120161.602211
1490120161.606243
1490120161.606243
1490120161.606243
1490120161.770241
1490120161.882279
1490120161.886341
1490120161.886341
1490120161.906248
1490120161.946267
1490120161.946267
1490120161.946267
1490120161.934219
1490120161.882279
1490120161.906248
1490120161.906248
1490120161.906248
1490120162.002294
1490120161.886341
1490120161.886341
1490120161.990304
1490120161.934219
1490120161.990304
1490120161.938269
1490120161.938269
1490120161.990304
1490120161.946267
1490120162.050255
1490120161.990304
1490120162.078285
1490120162.098274
1490120162.098274
1490120162.098274
1490120162.098274
1490120162.098274
1490120162.102196
1490120162.102196
1490120162.074274
1490120162.074274
1490120162.074274
1490120162.074274
1490120162.074274
1490120162.074274
1490120161.990304
1490120162.078285
1490120162.102196
1490120162.134278
1490120162.042274
1490120162.134278
1490120162.134278
1490120162.134278
1490120162.066248
1490120162.130273
1490120162.134278
1490120162.134278
1490120162.074274
1490120162.130273
1490120162.130342
1490120162.134278
1490120162.142297
1490120162.142297
1490120162.078285
1490120162.074274
1490120162.074274
1490120162.174232
1490120162.074274
1490120162.178256
1490120162.074274
1490120162.074274
1490120162.074274
1490120162.074274
1490120162.074274
1490120162.178256
1490120162.214275
1490120162.218215
1490120162.178256
1490120162.142297
1490120162.242256
1490120162.242256
1490120162.254259
1490120162.242256
1490120162.186250
1490120162.078285
1490120162.242256
1490120162.302239
1490120162.218215
1490120162.218215
1490120162.218215
1490120162.242256
1490120162.474282
1490120162.606209
1490120162.614239
1490120162.762227
1490120162.914274
1490120162.914274
1490120162.914274
1490120162.914274
1490120162.914274
1490120162.914274
1490120162.914274
1490120162.914274
1490120162.982277
1490120163.222293
1490120163.222293
1490120163.222293
1490120163.222293
1490120163.226227
1490120163.266298
1490120163.294185
1490120163.306284
1490120163.294185
1490120163.378248
1490120163.294185
1490120163.454268
1490120163.606219
1490120163.606219
1490120163.606219
1490120163.674244
1490120163.638206
1490120163.606219
1490120163.690235
1490120163.714267
1490120163.694236
1490120163.694236
1490120163.694236
1490120163.742286
1490120163.762270
1490120163.762270
1490120163.762270
1490120163.694236
1490120163.814202
1490120163.814202
1490120163.866268
1490120163.814202
1490120164.418216
1490120164.418216
1490120164.418216
1490120164.534244
1490120164.534244
1490120164.598320
1490120164.602247
1490120164.602247
1490120164.666301
1490120164.790224
1490120164.846226
1490120164.730267
1490120164.886260
1490120164.942299
1490120164.942299
1490120164.886260
1490120165.958182
1490120166.758271
1490120166.754286
1490120166.766259
1490120166.770269
1490120166.818242
1490120166.802271
1490120166.834269
1490120166.754286
1490120166.830233
1490120166.830233
1490120166.774240
1490120166.830233
1490120166.830233
1490120166.894520
1490120166.894520
1490120166.894520
1490120166.866209
1490120166.890627
1490120166.922382
1490120166.906518
1490120166.830233
1490120166.830233
1490120166.918525
1490120166.930502
1490120166.834269
1490120166.930502
1490120166.918525
1490120166.946495
1490120166.946495
1490120166.834269
1490120166.834269
1490120166.950481
1490120166.874633
1490120166.946495
1490120166.982548
1490120166.970480
1490120166.990574
1490120167.006389
1490120167.006389
1490120167.022622
1490120166.974496
1490120166.974496
1490120166.946495
1490120167.014623
1490120167.022622
1490120166.930502
1490120167.058587
1490120167.026541
1490120166.970480
1490120167.062340
1490120167.062340
1490120167.082597
1490120167.066221
1490120166.970480
1490120167.102521
1490120167.106495
1490120167.106495
1490120167.106495
1490120167.106495
1490120167.106495
1490120167.090506
1490120167.114233
1490120167.146604
1490120167.142634
1490120167.006389
1490120167.126630
1490120167.126630
1490120167.126630
1490120167.126630
1490120167.158605
1490120167.158605
1490120167.190249
1490120167.126630
1490120167.190249
1490120167.190249
1490120167.190249
1490120167.190249
1490120167.194206
1490120167.126630
1490120167.234298
1490120167.006389
1490120167.226276
1490120167.226276
1490120167.126630
1490120167.258274
1490120167.158605
1490120167.266340
1490120167.282306
1490120167.306248
1490120167.310236
1490120167.298240
1490120167.302257
1490120167.326266
1490120167.266340
1490120167.430272
1490120167.430272
1490120167.370235
1490120168.290294
1490120169.330315
1490120169.362228
1490120169.474216
1490120170.646250
1490120171.822213
1490120172.986355
1490120174.150189
1490120175.322344
1490120176.490263
1490120177.646233
1490120178.822218
1490120179.994266
1490120181.166226
1490120182.326261
1490120183.478214
1490120184.638224
1490120185.818339
1490120186.990255
1490120188.162280
1490120189.342271
1490120190.498335
1490120191.658294
1490120192.822222
1490120193.974300
1490120194.942265
1490120195.138267
1490120196.310273
1490120197.494211
1490120198.674349
1490120199.846245
1490120201.030186
1490120202.214350
1490120203.378269
1490120204.554340
1490120205.706220
1490120206.886220
1490120208.058335
1490120209.230299
1490120209.858198
1490120209.886233
1490120210.402254
1490120211.586291
1490120212.758217
1490120213.930192
1490120215.110346
1490120216.282176
1490120217.458346
1490120218.630223
1490120219.810259
1490120220.982243
1490120222.158222
1490120223.330183
1490120224.510248
1490120225.102283
1490120225.134247
1490120225.682337
1490120226.846285
1490120228.010278
1490120229.178212
1490120230.338292
1490120231.502247
1490120232.662262
1490120233.826338
1490120234.998209
1490120236.158243
1490120237.330220
1490120238.502200
1490120239.678221
1490120240.402356
1490120240.430214
1490120240.846211
1490120242.018251
1490120243.194225
1490120244.370178
1490120245.542256
1490120246.714279
1490120247.890190
1490120249.054271
1490120250.234230
1490120251.418284
1490120252.590244
1490120253.758301
1490120254.934339
1490120256.110288
1490120257.282201
1490120258.462196
1490120259.614355
1490120260.758290
1490120261.926227
1490120263.106269
1490120273.118230
1490120273.118230
1490120273.118230
1490120273.118230
1490120273.118230
1490120273.166287
1490116705.698181
1490117522.330289
1490038575.586304
1490113561.058239
1490103601.538229
1490076317.886288
1490117014.870247
1490120082.530251
1490117903.758342
1490091999.046339
1490080573.314305
1490115558.342302
1490117558.574229
1490111150.014245
1490117507.210218
1490107029.446361
1490110473.738277
1490100159.998305
1490116718.250336
1490029152.986213
1490096824.082352
1490116730.922258
1490100462.698251
1490110506.646355
1490089729.926249
1490087506.962250
1490066749.686243
1490118774.322215
1490116873.442230
1490117017.062200
1490120311.318350
1490120311.506274
1490120311.506274
1490120311.566225
1490120311.566225
1490120311.566225
1490120392.046202
1490120392.046220
1490120392.050235
1490120392.050235
1490120392.050235
1490120392.050235
1490120392.050235
1490120392.046202
1490120392.050235
1490120392.050235
1490120392.046202
1490120392.046202
1490120392.050235
1490120392.050235
1490120392.050235
1490120392.050235
1490120392.050235
1490120392.218186
1490120392.218186
1490120392.218186
1490120392.218186
1490120392.218186
1490120392.218186
1490120402.882288
1490120402.926207
1490120402.926207
1490120402.926207
1490120402.930244
1490120402.926207
1490120402.926330
1490120402.926207
1490120402.926207
1490120402.926207
1490120402.926207
1490120402.930244
1490120402.926207
1490120402.926207
1490120402.990208
1490120403.122261
1490120403.122261
1490120403.122261
1490120403.122261
1490120403.122261
1490120403.122261
1490120403.406288
1490120403.542267
1490120403.714274
1490120455.994243
1490120456.046285
1490120456.182247
1490120460.422190
1490120461.438278
1490120461.442305
1490120461.608365
1490120461.608710
1490120461.609538
1490120461.608951
1490120461.608599
1490120461.609251
1490120461.608847
1490120461.609152
1490120461.608498
1490120461.609543
1490120461.706225
1490120461.609063
1490120461.609356
1490120461.754225
1490120461.878288
1490120461.878288
1490120461.878288
1490120461.878288
1490120461.942331
1490120461.942331
1490120461.942331
1490120461.942331
1490120461.942331
1490120461.957676
1490120461.957894
1490120462.042275
1490120462.042275
1490120462.042275
1490120462.042275
1490120462.042275
1490120462.118302
1490120462.122295
1490120462.122295
1490120462.122295
1490120462.122295
1490120462.122295
1490120462.122295
1490120462.122295
1490120462.122295
1490120462.122295
1490120462.122295
1490120462.122295
1490120461.958101
1490120462.118302
1490120462.118302
1490120461.958032
1490120462.114341
1490120462.114341
1490120462.118302
1490120462.118302
1490120462.198291
1490120462.198291
1490120462.202234
1490120462.202234
1490120461.957957
1490120461.957821
1490120462.254185
1490120461.957612
1490120462.246290
1490120462.312419
1490120462.302244
1490120462.312512
1490120462.302244
1490120462.198291
1490120462.202234
1490120462.202234
1490120462.202234
1490120462.202234
1490120462.202234
1490120462.350596
1490120462.302244
1490120462.302244
1490120462.278335
1490120462.422006
1490120462.278335
1490120462.202234
1490120462.202234
1490120462.202234
1490120462.494349
1490120462.202234
1490120462.562213
1490120462.414286
1490120462.650266
1490120462.650266
1490120462.702345
1490120462.530283
1490120462.642283
1490120462.702345
1490120462.702345
1490120462.702345
1490120462.702345
1490120462.742484
1490120462.742484
1490120462.494349
1490120462.494349
1490120462.822196
1490120462.870255
1490120462.870255
1490120462.806246
1490120462.578283
1490120462.742484
1490120462.874305
1490120462.974267
1490120463.002287
1490120462.742484
1490120463.002287
1490120462.742484
1490120462.742484
1490120463.002287
1490120463.002287
1490120463.018278
1490120463.018278
1490120462.894699
1490120463.006248
1490120463.102305
1490120463.018278
1490120462.942341
1490120462.954223
1490120463.102305
1490120463.018278
1490120463.082250
1490120463.166215
1490120463.106237
1490120463.054244
1490120462.942341
1490120462.942341
1490120463.072134
1490120463.098262
1490120462.942341
1490120463.246236
1490120463.290252
1490120463.290252
1490120463.326337
1490120463.086269
1490120463.370289
1490120463.238246
1490120463.414287
1490120463.438299
1490120463.478273
1490120463.486296
1490120463.494207
1490120463.494207
1490120463.494207
1490120463.482213
1490120463.494207
1490120463.494207
1490120463.526234
1490120463.530258
1490120463.546282
1490120463.266404
1490120463.582291
1490120463.442265
1490120463.446300
1490120463.322231
1490120463.398113
1490120463.442265
1490120463.782262
1490120463.618265
1490120463.782262
1490120463.782262
1490120463.782262
1490120463.782262
1490120463.782262
1490120463.782262
1490120463.730282
1490120463.770209
1490120463.942262
1490120463.942262
1490120463.978204
1490120463.942262
1490120463.782262
1490120463.942262
1490120463.982286
1490120464.114242
1490120464.206297
1490120464.470255
1490120464.474225
1490120464.474225
1490120464.474225
1490120464.474225
1490120464.474225
1490120464.542262
1490120464.608009
1490120464.658271
1490120464.666291
1490120464.666291
1490120464.670200
1490120464.670200
1490120464.622301
1490120464.750237
1490120464.738298
1490120466.786251
1490120466.786251
1490120466.786251
1490120466.794277
1490120466.786251
1490120466.786251
1490120466.786251
1490120466.786251
1490120466.794277
1490120466.794277
1490120466.798261
1490120466.826272
1490120466.834263
1490120466.834263
1490120466.798261
1490120466.834263
1490120466.826272
1490120466.858293
1490120466.858293
1490120466.834263
1490120466.834263
1490120466.834263
1490120466.882298
1490120466.878290
1490120466.886233
1490120466.874293
1490120466.858293
1490120466.858293
1490120466.786251
1490120466.858293
1490120466.894364
1490120466.898226
1490120466.910263
1490120466.894276
1490120466.898226
1490120466.786251
1490120466.798261
1490120466.798261
1490120466.906272
1490120466.906272
1490120466.906272
1490120466.930281
1490120466.939442
1490120466.858293
1490120466.939534
1490120466.858293
1490120466.954211
1490120466.940693
1490120466.939663
1490120466.940850
1490120466.966216
1490120466.939304
1490120466.940309
1490120466.939892
1490120466.939979
1490120466.939812
1490120466.940419
1490120466.939739
1490120466.940513
1490120466.940769
1490120466.954211
1490120466.940177
1490120467.006257
1490120466.998257
1490120467.006257
1490120466.906272
1490120466.906272
1490120466.906272
1490120466.906272
1490120466.878290
1490120467.014235
1490120467.014235
1490120467.014235
1490120467.046285
1490120467.050283
1490120467.050283
1490120467.050283
1490120467.050283
1490120467.050283
1490120467.050283
1490120467.050283
1490120467.050283
1490120467.094299
1490120467.094299
1490120467.014235
1490120467.046323
1490120467.054294
1490120467.074268
1490120467.210208
1490120467.210208
1490120467.138277
1490120467.210208
1490120467.450257
1490120467.450257
1490120467.486295
1490120468.306266
1490120461.957750
1490120462.710604
1490120475.982238
1490120475.978210
1490120475.982238
1490120475.978322
1490120475.978297
1490120475.982238
1490120475.982238
1490120476.022227
1490120595.814283
1490120596.434246
1490120596.462243
1490120596.486342
1490120596.606295
1490120596.810168
1490120601.574172
1490120601.590266
1490120601.626275
1490120601.654300
1490120604.330228
1490120604.358220
1490120604.330228
1490120604.358220
1490120604.742336
1490120604.762227
1490120611.378340
1490120611.406251
1490120612.442279
1490120612.586237
1490120612.618247
1490120692.130286
1490120692.130286
1490120692.130286
1490120692.130286
1490120692.130286
1490120692.130286
1490120692.130286
1490120692.130286
1490120692.130286
1490120692.130286
1490120692.130286
1490120692.130286
1490120692.130286
1490120692.130286
1490120692.130286
1490120692.130286
1490120692.130286
1490120755.066286
1490120755.130383
1490120760.430279
1490120761.494273
1490120761.494273
1490120761.494273
1490120761.494273
1490120761.494273
1490120761.494273
1490120761.750249
1490120761.750249
1490120761.750249
1490120761.750249
1490120761.750249
1490120761.946246
1490120761.990189
1490120762.030261
1490120762.026176
1490120762.382302
1490120762.382302
1490120762.370287
1490120762.382302
1490120762.382302
1490120762.382302
1490120762.398206
1490120762.510260
1490120762.554268
1490120762.554268
1490120762.554268
1490120762.554268
1490120762.554268
1490120762.554268
1490120762.554268
1490120762.622256
1490120762.622256
1490120762.622256
1490120762.554268
1490120762.554268
1490120762.554268
1490120762.622256
#close
